31 Авг 2019 	1 USD 	66,4897 			-0,3856 % 	-0,2574
30 Авг 2019 	1 USD 	66,7471 			+0,5035 % 	+0,3344
29 Авг 2019 	1 USD 	66,4127 			+0,2292 % 	+0,1519
28 Авг 2019 	1 USD 	66,2608 			+0,4355 % 	+0,2873
27 Авг 2019 	1 USD 	65,9735 			+0,5623 % 	+0,3689
24 Авг 2019 	1 USD 	65,6046 			-0,0229 % 	-0,0150
23 Авг 2019 	1 USD 	65,6196 			-0,9710 % 	-0,6434
22 Авг 2019 	1 USD 	66,2630 			-0,7801 % 	-0,5210
21 Авг 2019 	1 USD 	66,7840 		(макс) 	+0,2639 % 	+0,1758
20 Авг 2019 	1 USD 	66,6082 			+0,9275 % 	+0,6121
17 Авг 2019 	1 USD 	65,9961 			+0,1600 % 	+0,1054
16 Авг 2019 	1 USD 	65,8907 			+1,0544 % 	+0,6875
15 Авг 2019 	1 USD 	65,2032 			-0,6075 % 	-0,3985
14 Авг 2019 	1 USD 	65,6017 			+0,2644 % 	+0,1730
13 Авг 2019 	1 USD 	65,4287 			+0,2673 % 	+0,1744
10 Авг 2019 	1 USD 	65,2543 			+0,1910 % 	+0,1244
09 Авг 2019 	1 USD 	65,1299 			+0,0564 % 	+0,0367
08 Авг 2019 	1 USD 	65,0932 			-0,1684 % 	-0,1098
07 Авг 2019 	1 USD 	65,2030 			+0,2281 % 	+0,1484
06 Авг 2019 	1 USD 	65,0546 			+0,6378 % 	+0,4123
03 Авг 2019 	1 USD 	64,6423 			+1,2663 % 	+0,8083
02 Авг 2019 	1 USD 	63,8340 		(мин) 	+0,6572 % 	+0,4168