29 Июн 2019 	1 USD 	63,0756 			+0,0482 % 	+0,0304
28 Июн 2019 	1 USD 	63,0452 			+0,3772 % 	+0,2369
27 Июн 2019 	1 USD 	62,8083 			+0,4565 % 	+0,2854
26 Июн 2019 	1 USD 	62,5229 		(мин) 	-0,6145 % 	-0,3866
25 Июн 2019 	1 USD 	62,9095 			-0,3485 % 	-0,2200
22 Июн 2019 	1 USD 	63,1295 			-0,4073 % 	-0,2582
21 Июн 2019 	1 USD 	63,3877 			-0,9248 % 	-0,5917
20 Июн 2019 	1 USD 	63,9794 			-0,5530 % 	-0,3558
19 Июн 2019 	1 USD 	64,3352 			+0,0257 % 	+0,0165
18 Июн 2019 	1 USD 	64,3187 			-0,1768 % 	-0,1139
15 Июн 2019 	1 USD 	64,4326 			-0,3076 % 	-0,1988
14 Июн 2019 	1 USD 	64,6314 			+0,1792 % 	+0,1156
12 Июн 2019 	1 USD 	64,5158 			-0,4261 % 	-0,2761
11 Июн 2019 	1 USD 	64,7919 			-0,3807 % 	-0,2476
08 Июн 2019 	1 USD 	65,0395 			-0,2982 % 	-0,1945
07 Июн 2019 	1 USD 	65,2340 			+0,1684 % 	+0,1097
06 Июн 2019 	1 USD 	65,1243 			-0,0569 % 	-0,0371
05 Июн 2019 	1 USD 	65,1614 			-0,6000 % 	-0,3933
04 Июн 2019 	1 USD 	65,5547 		(макс) 	+0,2620 % 	+0,1713