31 Янв 2019 	1 USD 	66,0987 			-0,3655 % 	-0,2425
30 Янв 2019 	1 USD 	66,3412 			+0,6237 % 	+0,4112
29 Янв 2019 	1 USD 	65,9300 			+0,0197 % 	+0,0130
26 Янв 2019 	1 USD 	65,9170 		(мин) 	-0,1282 % 	-0,0846
25 Янв 2019 	1 USD 	66,0016 			-0,4978 % 	-0,3302
24 Янв 2019 	1 USD 	66,3318 			-0,3277 % 	-0,2181
23 Янв 2019 	1 USD 	66,5499 			+0,2810 % 	+0,1865
22 Янв 2019 	1 USD 	66,3634 			+0,0490 % 	+0,0325
19 Янв 2019 	1 USD 	66,3309 			-0,1699 % 	-0,1129
18 Янв 2019 	1 USD 	66,4438 			-0,4762 % 	-0,3179
17 Янв 2019 	1 USD 	66,7617 			-0,4775 % 	-0,3203
16 Янв 2019 	1 USD 	67,0820 			-0,1637 % 	-0,1100
15 Янв 2019 	1 USD 	67,1920 		(макс) 	+0,4114 % 	+0,2753
12 Янв 2019 	1 USD 	66,9167 			+0,0841 % 	+0,0562
11 Янв 2019 	1 USD 	66,8605 			-0,3265 % 	-0,2190